# 手心朝下
rpy: [-1.47520731 -0.09104861  2.11646936], ori: -0.30011601910897756, -0.6020018967966946, 0.629297715713323, 0.3892408975497763

ori: -0.24088 -0.55538 0.602329 250311